PORTAS LOGICAS 


AND
A   B   S   
0   0   0   
0   1   0
1   0   0
1   1   1

OR 
A   B   S   
0   0   0   
0   1   1
1   0   1
1   1   1

NOT
A   S   
0   1
1   0

NAND /NOT e o AND
A   B   S   
0   0   1   
0   1   1
1   0   1
1   1   0

NOR / NOT e o OR
A   B   S   
0   0   1   
0   1   0
1   0   0
1   1   0

XOR / NOT ou EXCLUSIVO
A   B   S   
0   0   0   
0   1   1
1   0   1
1   1   0

TABELA VERDADE
A   B   C   D   S1  S2  LED   
0   0   0   0   0   0   0                
0   0   0   1   0   1   0
0   0   1   0   0   1   0
0   0   1   1   0   1   0
0   1   0   0   0   0   0
0   1   0   1   0   0   0
0   1   1   0   0   0   0
0   1   1   1   0   1   0
0   0   0   0   0   0   0
0   0   0   1   0   0   0
0   0   1   0   0   0   0
0   0   1   1   0   1   0
0   1   0   0   0   0   0
0   1   0   1   0   0   0
0   1   1   0   0   1   0
0   1   1   1   0   1   0
1   0   0   0   0   0   0
1   0   0   1   0   1   0
1   0   1   0   0   1   0
1   0   1   1   0   1   0
1   1   0   0   1   0   0
1   1   0   1   1   1   1
1   1   1   0   1   1   1  
1   1   1   1   1   1   1
1   0   0   0   0   0   0
1   0   0   1   0   0   0
1   0   1   0   0   1   0
1   0   1   1   0   1   0
1   1   0   0   1   0   0
1   1   0   1   1   1   1
1   1   1   0   1   1   1
1   1   1   1   1   1   1


TABELA VERDADE 02
A   B   C   D   E   F   S1  S2  S3  S4  LED 
0   0   0   0   0   0   0   0   1   0   0   
0   0   0   0   0   1   0   0   1   1   0      
0   0   0   0   1   0   0   0   1   0   0
0   0   0   0   1   1   0   0   1   1   0
0   0   0   1   0   0   0   0   1   1   0
0   0   0   1   0   1   0   0   1   0   0
0   0   0   1   1   0   0   0   1   1   0
0   0   0   1   1   1   0   0   1   0   0
0   0   1   0   0   0   0   1   1   
0   0   1   0   0   1   0   0   0
0   0   1   0   1   0   0   0   0
0   0   1   0   1   1   0       0
0   0   1   1   0   0   0       0
0   0   1   1   0   1   0       0
0   0   1   1   1   0   0       0
0   0   1   1   1   1   0       0
0   1   0   0   0   0   0       1
0   1   0   0   0   1   0       1
0   1   0   0   1   0   0       1   
0   1   0   0   1   1   0       1
0   1   0   1   0   0   0       1
0   1   0   1   0   1   0       1
1   1   0   1   1   0   1       1
1   1   0   1   1   1   1       1
1   1   1   0   0   0   1
1   0   1   0   
1   0   1   0
1   0   1   0
1   0   1   1
1   0   1   1
1   0   1   1
1   0   1   1
1   0   0   
1   0   0  
1   0   0  
1   0   0  
1   0   0  
1   0   0  
1   0   0  
1   0   0  
1   0   1   
1   1   1
1   1   1
1   1   1
1   1   1
1   1   1
1   1   1
1   1   1
1   1   0
1   1   0
1   1   0
1   1   0
1   1   0   1
1   1   0   1
1   1   0   1
1   1   0   1
1   1   
0   0
0   0
0   0
0   0
0   0
0   0
0   0
0   0
0   0
0   0
0   0
0   0
0   0
0   0
0   0
0   0
0   1
0   1
0   1
0   1
0   1
0   1
0   1
0   1
0   1
0   1
0   1
0   1
0   1
0   1
0   1
0   1
